2 0.173318 0.636649 0.245011 0.570789
2 0.394657 0.569892 0.121914 0.422939
2 0.561253 0.608871 0.272827 0.651434
2 0.851538 0.533154 0.170443 0.519713
2 0.729920 0.532258 0.118955 0.396057
0 0.155268 0.402778 0.068059 0.101254
0 0.409748 0.395609 0.052672 0.068996
0 0.548529 0.343638 0.079303 0.115591
0 0.844436 0.357527 0.059181 0.080645
0 0.745603 0.396505 0.054447 0.068996
3 0.144024 0.701613 0.059773 0.046595
3 0.536693 0.687276 0.067467 0.053763
3 0.353230 0.650986 0.035509 0.034946
3 0.847395 0.652778 0.050896 0.040323
3 0.744419 0.560932 0.039060 0.037634