15 0.19138755980861244 0.4879518072289157 0.06698564593301436 0.2289156626506024
1 0.2535885167464115 0.5060240963855421 0.06698564593301436 0.24096385542168675
26 0.3157894736842105 0.5180722891566265 0.04784688995215311 0.24096385542168675
29 0.3708133971291866 0.5301204819277109 0.05263157894736842 0.24096385542168675
0 0.430622009569378 0.536144578313253 0.06698564593301436 0.25301204819277107
6 0.5023923444976076 0.5542168674698795 0.07655502392344497 0.24096385542168675
19 0.6028708133971292 0.5783132530120482 0.05741626794258373 0.24096385542168675
34 0.69377990430622 0.5843373493975904 0.05741626794258373 0.25301204819277107
35 0.7511961722488039 0.5903614457831325 0.05741626794258373 0.24096385542168675
33 0.8110047846889952 0.6024096385542169 0.05263157894736842 0.24096385542168675
35 0.8660287081339713 0.6144578313253012 0.05741626794258373 0.24096385542168675